14
215
77
3
529
69
65
5
95
6
6
54
78
34
43
58
264
230
2
147
14
2
389
5
123
11
155
95
47
2
6
571
4
138
3
10
4
71
25
66
32
2
15
6
29
36
6
14
8
87
6
11
88
32
4
6
26
2
6
882
2
8
39
33
4
28
8
53
55
9
7
9
18
3
575
5
142
12
2
28
25
15
24
101
10
9
6
9
122
7
390
2
16
33
63
179
10
29
374
71
52
252
6
132
51
126
145
58
461
51
7
144
22
83
9
75
10
15
41
56
6
80
4
39
8
37
98
10
238
2
13
27
143
10
48
16
298
31
39
36
15
9
6
249
136
10
88
2
153
22
23
72
29
5
60
3
26
13
17
2
3
34
19
4
19
10
6
4
66
511
2
8
57
18
20
3
19
374
507
4
6
34
172
10
194
55
87
111
4
5
35
11
6
542
19
2
6
2
17
696
58
2
59
62
12
10
2
29
4
49
454
3
48
36
87
3
13
6
389
42
147
8
105
100
154
11
6
169
4
821
3
256
38
8
135
25
67
21
13
146
14
6
52
322
280
53
4
36
13
6
22
8
35
20
81
58
12
20
126
17
19
210
111
55
13
2
12
153
117
15
39
2
36
5
17
304
13
141
12
45
82
12
20
90
95
369
18
64
42
6
100
2
2
39
159
71
11
5
84
8
87
121
36
140
16
8
3
265
39
115
16
21
81
84
205
12
86
16
5
2
277
6
94
2
96
189
13
11
34
24
12
16
48
23
44
4
54
49
115
100
46
451
8
9
8
199
25
2
12
49
2
82
5
33
2
8
4
26
6
50
16
4
4
6
28
40
29
2
174
353
188
3
59
42
6
82
23
4
2
89
159
9
2
22
35
96
31
4
6
407
11
108
21
8
10
106
4
64
70
33
2
39
95
98
215
4
3
95
251
55
753
15
15
12
85
5
5
7
212
82
225
41
32
57
21
4
260
8
68
33
170
11
2
97
23
156
50
498
443
4
696
34
119
96
5
4
2
167
13
201
12
42
46
202
131
18
65
5
73
9
85
16
24
55
21
222
206
39
105
84
4
21
153
6
11
29
130
34
20
2
4
112
156
11
169
10
168
217
125
35
10
40
27
10
8
6
91
30
18
43
66
53
2
193
84
185
2
12
28
64
7
203
31
497
9
359
150
16
8
337
170
6
6
3
152
13
13
2
14
144
24
32
20
100
216
17
73
2
21
18
8
149
3
29
15
410
15
93
6
5
51
14
65
2
8
220
295
9
10
22
2
82
22
18
214
5
12
11
22
11
144
12
21
23
62
65
474
3
13
14
3
10
6
4
7
144
52
2
20
6
13
71
51
97
10
73
50
78
11
68
127
12
12
278
111
7
6
5
60
39
98
7
42
105
3
4
27
296
3
2
14
97
91
15
98
8
27
8
7
4
2
41
2
99
51
34
2
4
4
4
20
6
24
14
71
24
16
6
74
47
3
109
3
5
2
9
8
22
69
211
137
2
106
17
130
12
22
162
12
2
41
20
6
26
6
6
290
9
2
17
142
22
2
68
2
20
206
99
58
13
18
10
222
106
268
40
75
10
12
50
28
75
52
474
54
375
4
16
83
15
47
3
39
23
182
80
12
10
65
77
2
185
86
276
3
52
230
17
8
51
35
89
2
776
2
159
277
24
58
24
2
6
32
60
2
20
75
4
16
3
20
4
2
38
122
121
79
119
198
6
73
32
75
4
12
107
23
24
8
78
24
14
4
2
107
26
101
4
24
10
12
21
101
41
73
6
22
2
47
18
22
8
6
3
27
853
4
9
168
30
20
8
139
10
15
42
39
174
59
100
24
28
4
6
13
4
13
6
75
67
2
10
3
36
16
23
22
59
355
72
47
13
13
8
73
8
148
206
22
6
6
145
537
33
221
57
738
322
17
18
4
238
2
30
50
505
42
298
21
8
185
6
55
104
66
41
236
158
48
683
54
12
79
6
22
19
2
155
54
24
6
42
3
34
358
4
4
312
95
137
132
448
315
64
54
8
16
22
6
36
6
14
5
4
166
6
14
14
2
10
2
713
12
2
60
6
175
33
2
89
3
29
6
84
2
115
22
6
46
78
60
4
9
43
18
693
17
6
25
24
60
124
22
514
10
45
6
6
74
321
53
209
218
309
13
108
75
217
42
394
220
20
78
10
2
36
2
2
2
7
30
11
5
54
4
162
12
147
29
97
22
128
7
200
2
63
217
10
11
522
7
20
11
68
4
54
22
7
2
17
2
134
169
42
12
201
4
22
28
30
6
68
14
132
10
230
9
117
47
36
2
10
4
8
104
2
45
70
22
229
32
12
170
19
9
5
84
8
7
7
59
3
6
24
7
12
72
51
4
83
2
6
17
67
13
47
21
17
16
11
45
48
59
83
56
11
2
68
71
19
61
74
105
99
177
130
303
24
84
209
158
7
8
8
4
592
4
13
2
105
6
9
480
2
4
5
38
211
10
14
154
16
91
49
105
60
22
172
183
17
109
15
45
14
63
172
4
2
71
17
225
2
40
13
2
8
339
8
10
4
16
30
163
2
30
316
93
7
162
19
2
6
111
8
213
80
3
8
14
18
33
2
108
164
10
218
20
158
18
82
47
6
88
117
3
106
16
2
4
6
11
14
78
6
14
75
81
41
30
10
20
40
110
197
375
20
25
93
29
260
11
27
4
42
11
4
8
164
169
3
129
7
6
5
57
5
9
2
7
4
26
360
10
199
19
15
10
69
6
49
92
17
109
71
17
40
492
41
33
44
16
78
3
622
11
6
18
895
401
112
102
181
14
70
53
24
245
111
3
47
2
6
2
12
98
43
44
12
39
6
720
32
385
8
3
12
15
15
95
182
17
8
217
4
9
86
3
17
20
14
545
5
252
221
6
317
78
7
7
8
63
28
43
68
17
15
31
2
3
3
4
38
5
43
11
63
2
317
13
117
202
6
24
49
4
11
2
21
41
194
59
37
118
4
8
52
196
85
16
22
4
8
6
20
2
8
49
2
829
6
110
8
81
6
46
172
34
2
4
938
3
81
169
17
12
31
22
7
58
4
14
13
17
48
4
122
130
35
3
8
17
11
16
43
23
7
18
98
175
6
122
85
12
35
263
2
18
2
10
4
58
24
10
25
50
55
32
4
80
41
3
59
6
3
560
12
16
753
136
85
21
158
212
132
2
2
52
48
14
5
51
325
28
25
34
12
230
4
154
82
22
25
19
42
8
42
158
334
67
42
12
180
20
12
50
48
51
18
217
2
595
24
12
529
7
88
29
13
72
87
48
4
14
2
119
55
144
36
66
21
210
7
22
6
2
386
2
82
129
122
29
78
20
3
85
100
470
37
2
6
69
2
31
55
29
222
71
337
548
98
50
102
6
2
14
28
59
25
86
6
34
60
23
31
5
134
76
13
5
8
65
2
302
12
421
306
26
14
149
79
13
18
18
36
8
6
3
10
41
20
131
6
38
164
4
337
13
214
14
92
53
2
32
2
3
20
952
46
222
14
48
55
116
122
45
10
8
100
28
50
2
14
59
136
72
112
67
77
28
2
43
6
214
42
60
4
13
199
3
8
15
12
15
4
74
10
122
2
152
16
40
9
14
113
293
14
795
44
22
179
21
72
35
5
8
6
17
10
676
6
8
32
9
15
20
6
101
30
3
21
16
14
2
19
4
23
497
18
3
35
52
643
8
6
443
69
97
20
450
30
28
33
2
83
15
2
14
88
6
306
6
662
85
168
38
170
8
4
461
8
35
12
43
2
46
11
112
388
21
7
199
35
47
118
35
4
109
245
350
50
42
17
4
62
8
145
2
227
17
16
200
17
17
47
10
61
72
5
41
659
2
44
86
232
31
73
4
16
108
213
152
117
2
143
103
8
40
72
112
20
19
229
15
6
2
166
189
28
32
20
106
20
10
26
48
88
80
138
2
18
8
2
29
7
21
80
183
27
90
14
13
135
16
35
2
70
6
129
280
2
160
143
123
20
5
460
13
7
27
5
2
2
22
18
2
111
368
411
14
2
2
63
582
49
24
8
4
4
26
20
189
32
28
7
4
9
98
11
2
5
260
62
15
7
140
5
8
20
4
10
10
4
16
5
12
16
9
11
10
103
26
17
10
14
24
4
4
20
92
6
160
111
25
113
3
2
26
3
80
12
8
5
11
6
14
50
93
24
42
18
50
2
10
68
124
44
123
30
36
42
56
8
55
41
7
16
10
6
19
47
15
52
51
185
44
24
38
19
27
30
344
129
12
102
10
6
42
17
6
251
62
3
110
106
160
8
20
22
29
4
23
2
11
51
77
205
26
43
207
8
15
19
20
16
4
37
201
2
107
97
7
94
3
428
6
29
130
125
15
38
9
137
98
10
88
6
16
30
101
24
57
11
2
14
150
26
93
10
367
138
17
7
515
4
57
12
4
31
18
2
18
11
38
4
4
14
14
16
6
20
211
264
7
573
2
38
264
9
28
14
65
17
56
4
5
6
57
4
146
83
46
18
2
16
836
35
148
62
18
9
114
285
8
11
5
185
59
6
6
20
5
45
12
6
28
3
28
4
10
4
7
59
125
2
2
2
211
18
17
716
22
4
119
2
184
206
4
152
6
4
2
658
94
55
19
73
15
46
8
36
6
76
5
8
82
74
76
4
305
23
109
5
43
4
50
89
13
115
2
2
80
45
6
98
5
11
228
6
229
62
256
339
66
138
18
8
153
22
669
12
10
16
74
8
5
121
10
10
83
18
58
23
8
17
35
99
18
168
199
78
20
135
2
14
113
5
58
2
9
6
7
20
275
32
2
143
6
8
2
8
56
12
82
4
408
6
4
4
44
2
2
35
226
292
12
6
8
544
16
2
14
2
10
4
75
60
55
11
98
141
297
9
7
50
9
330
4
80
27
4
17
2
68
449
10
898
32
3
17
2
52
11
158
35
14
466
22
14
119
8
15
16
32
10
17
4
2
11
66
100
10
15
9
2
17
68
2
73
42
53
10
124
98
3
160
279
17
665
7
93
37
9
2
2
123
342
148
40
78
9
125
17
201
3
103
14
21
10
47
6
18
15
9
8
8
11
70
40
2
2
31
340
10
6
83
21
28
42
6
491
4
2
85
87
348
484
93
90
248
55
23
393
32
32
3
31
24
3
38
13
2
27
16
6
205
34
301
36
21
4
5
308
487
76
3
68
4
8
8
16
2
128
253
6
26
50
2
84
6
505
12
14
2
27
9
2
30
14
12
8
137
8
622
4
20
126
320
16
150
51
4
11
21
8
142
36
38
2
390
10
2
28
35
13
15
19
491
8
14
305
4
7
14
8
85
98
131
475
135
4
2
16
792
230
10
73
22
259
22
192
38
81
86
17
83
68
14
36
484
21
108
15
64
8
8
59
6
268
68
16
2
6
139
109
4
24
15
254
12
9
8
166
4
5
18
11
132
25
425
42
248
10
5
2
79
2
4
681
5
475
72
2
119
9
10
2
9
63
10
35
17
29
8
75
64
181
2
4
35
43
2
210
9
9
35
63
10
18
45
22
2
209
52
10
43
277
14
29
743
68
2
39
14
3
12
34
44
128
14
121
6
102
7
36
80
2
51
6
124
8
2
429
8
87
30
80
11
61
8
11
80
4
356
14
184
77
14
312
47
46
21
63
3
49
16
29
6
6
41
128
2
4
181
68
15
2
14
263
29
13
206
26
32
59
340
59
22
6
51
4
18
48
2
28
47
167
164
9
14
143
12
103
296
13
17
48
50
16
36
43
9
5
27
4
250
6
14
4
6
9
92
48
82
55
112
2
136
68
135
116
73
29
51
379
55
57
80
240
2
7
3
222
175
6
120
161
8
2
248
99
2
6
4
28
8
17
9
95
105
6
14
217
10
3
5
170
24
19
90
14
11
22
2
39
39
16
290
84
11
179
247
41
18
2
157
74
26
2
167
70
78
33
59
10
23
5
11
2
72
4
4
65
2
15
12
155
23
16
11
35
97
635
174
15
5
16
28
19
37
109
91
46
29
46
12
2
29
103
4
2
28
2
15
142
23
6
931
762
24
10
6
2
4
51
76
198
19
13
790
45
340
46
200
119
175
34
11
37
39
11
592
157
7
2
20
101
168
35
3
14
28
111
21
50
84
19
132
2
20
6
16
88
2
72
23
60
297
4
47
29
51
94
108
6
72
152
25
3
7
95
14
11
8
8
3
24
54
8
109
220
19
4
8
3
4
19
113
363
33
2
13
494
3
113
8
15
60
4
2
143
6
11
225
575
378
3
121
94
169
8
2
26
37
34
143
6
33
6
2
4
80
6
7
2
2
35
41
2
14
14
2
153
34
15
66
17
4
13
15
37
14
45
35
97
5
241
104
78
4
97
59
34
14
3
20
2
28
10
10
465
33
5
47
96
35
143
6
22
124
6
52
106
5
268
28
4
6
10
31
6
15
5
122
2
113
108
26
52
251
4
2
5
2
32
6
8
2
11
537
228
4
24
16
68
62
5
110
2
12
15
106
56
8
100
4
12
4
6
482
93
399
22
22
20
7
242
9
69
12
20
2
7
160
2
119
2
151
14
2
23
313
18
13
30
4
2
2
4
11
22
86
29
55
2
13
12
10
109
275
23
152
189
16
111
16
18
8
7
52
316
13
47
528
2
2
168
207
51
11
97
313
806
14
83
22
23
10
196
211
664
9
4
88
5
70
9
76
6
13
12
51
12
79
137
74
24
5
95
135
5
28
10
4
2
4
14
26
47
5
69
92
106
132
2
72
188
31
2
15
27
84
106
8
16
139
16
314
25
44
22
4
30
5
26
4
8
13
12
5
7
122
26
12
179
23
154
794
34
68
6
13
441
17
12
4
68
22
33
17
18
12
19
25
16
2
5
9
9
125
280
79
10
2
2
25
38
201
28
6
44
27
157
33
17
20
39
6
218
139
191
12
86
316
13
38
82
15
8
58
2
5
222
5
4
3
2
10
115
6
4
8
47
20
456
2
3
198
2
8
504
72
22
63
29
6
22
12
88
6
22
71
257
3
3
77
184
463
22
2
3
170
343
30
16
63
49
114
22
953
41
197
29
138
23
23
79
77
122
21
16
20
15
135
20
26
7
20
39
846
4
331
11
185
98
8
6
2
8
34
108
54
80
29
4
3
54
2
36
29
78
27
17
22
137
6
50
60
29
62
20
367
59
18
94
32
314
2
19
94
11
10
22
2
2
8
738
80
166
20
26
332
194
169
30
19
10
4
40
731
17
84
63
24
27
104
3
484
26
104
20
93
142
4
4
22
6
32
12
47
2
5
55
96
230
31
136
35
126
15
2
6
188
2
14
199
50
536
59
189
14
133
20
170
18
10
13
6
2
46
7
97
23
12
249
31
121
175
2
46
25
12
32
174
35
16
12
140
28
4
6
20
116
22
25
48
4
248
139
188
9
115
64
8
8
84
9
6
18
160
98
31
6
13
15
99
10
2
41
3
8
4
474
2
120
2
16
7
46
3
62
14
122
70
6
84
428
184
66
3
40
185
13
108
84
53
468
16
12
20
10
75
684
10
355
49
155
76
7
31
33
30
40
856
34
8
42
4
4
20
6
9
90
2
147
181
4
216
185
14
5
9
75
6
17
6
12
84
11
169
2
2
22
10
25
7
8
188
53
50
9
12
4
23
3
191
47
100
5
11
10
337
31
4
118
4
70
94
128
2
22
4
7
74
21
73
62
2
29
25
98
2
11
78
3
4
56
26
225
85
35
15
4
114
123
116
8
37
19
14
63
46
14
175
62
2
131
135
3
286
14
48
106
17
6
2
15
2
23
28
27
8
26
403
73
2
25
2
15
4
4
52
25
19
17
35
10
12
21
32
10
131
3
114
183
8
75
6
27
2
84
87
10
8
134
126
15
2
38
30
32
30
31
6
200
133
31
8
2
9
94
8
9
3
10
4
2
2
5
172
12
51
16
15
160
3
3
11
123
105
4
30
64
8
72
8
13
6
3
10
5
46
11
30
8
4
38
4
4
922
4
6
35
121
122
4
251
105
10
111
5
64
124
4
13
28
4
40
70
4
53
30
4
30
42
9
47
30
300
37
95
235
50
11
75
83
14
8
23
183
57
8
159
2
7
8
17
34
10
99
8
79
83
10
7
14
44
15
87
197
65
112
12
64
17
2
336
23
29
18
25
95
21
16
6
20
4
2
122
2
63
6
14
13
22
124
23
8
4
181
6
23
41
98
2
25
80
39
56
124
4
397
5
21
75
6
6
41
6
77
206
592
219
88
35
32
16
113
14
3
8
50
387
12
6
172
48
89
138
21
66
148
32
2
79
134
8
3
6
35
21
552
5
6
23
31
37
154
18
83
93
126
99
67
187
159
273
162
101
52
34
6
29
165
86
52
215
21
85
4
16
47
6
140
67
97
4
21
91
7
73
7
195
25
8
63
55
108
48
238
214
44
23
2
49
29
3
106
8
239
68
26
428
22
26
6
2
6
2
2
60
328
8
15
19
9
335
475
6
66
3
2
34
12
720
4
4
159
4
9
100
152
36
6
7
31
34
8
55
25
109
84
82
23
11
484
12
22
356
18
45
72
22
464
69
101
3
9
9
451
43
178
3
6
10
194
6
30
26
36
3
22
16
8
95
27
89
69
39
4
53
26
54
67
6
22
10
16
95
20
3
4
559
16
6
15
73
141
143
4
586
2
64
15
47
2
19
170
34
6
33
6
9
438
126
4
66
11
22
58
338
6
28
115
24
4
4
95
31
19
64
12
30
10
828
23
82
9
428
2
238
23
5
36
8
3
37
2
19
147
192
13
24
36
87
6
88
6
2
363
128
26
8
84
3
4
6
25
27
148
4
116
4
7
100
92
30
22
15
14
2
256
31
6
15
4
100
32
349
2
12
21
14
15
128
29
268
242
337
2
8
20
24
8
305
11
10
54
90
8
12
22
16
13
34
2
74
4
2
2
4
10
99
69
379
12
21
92
13
6
19
121
72
9
17
16
9
44
278
2
11
3
8
6
12
68
38
24
40
4
120
2
8
54
4
16
90
107
14
2
471
12
46
11
6
16
188
81
12
2
10
56
50
98
39
20
66
86
2
50
3
64
46
20
50
101
34
4
117
4
13
62
169
6
9
144
19
2
3
66
24
2
64
157
10
38
40
12
102
42
61
56
10
48
34
105
28
45
2
4
36
9
12
2
38
97
8
27
28
2
8
20
372
4
4
13
759
4
310
55
72
51
204
21
10
4
11
38
191
100
33
29
8
21
281
14
10
408
8
21
142
10
12
6
4
4
6
749
53
24
213
33
37
6
24
48
208
11
9
24
2
112
7
377
8
19
6
21
24
251
122
130
12
546
34
28
2
6
305
109
22
16
144
24
4
11
371
238
125
66
4
4
59
8
17
2
9
3
247
196
15
4
9
10
40
19
387
19
46
6
28
87
320
2
214
6
172
3
95
18
10
3
56
2
2
138
36
212
4
8
17
510
31
72
10
542
126
8
172
77
29
14
16
7
24
210
432
185
2
60
25
296
18
4
9
2
242
9
270
43
18
6
31
46
19
364
5
8
14
15
100
251
256
202
12
53
12
243
74
3
6
95
16
16
15
514
220
4
13
240
187
96
2
8
102
194
27
28
52
14
19
48
27
94
197
35
168
180
124
45
198
372
54
305
8
55
11
52
10
61
169
13
33
18
17
11
199
7
2
308
2
8
144
14
31
19
137
93
63
32
9
56
6
738
27
362
5
25
43
5
84
187
722
10
49
6
176
468
34
352
281
2
14
12
104
7
81
3
590
3
28
6
159
398
43
24
128
5
13
104
8
14
188
6
53
4
4
24
9
143
288
212
51
119
20
537
129
38
14
268
6
17
4
3
36
16
96
19
4
2
165
2
142
8
20
8
137
50
762
14
12
62
12
5
47
34
14
73
27
9
107
6
5
16
6
2
44
10
13
49
4
6
4
12
4
198
22
44
25
50
14
2
25
4
329
9
202
27
2
4
95
32
26
14
17
135
53
97
3
15
7
222
169
10
6
66
114
18
42
51
32
136
2
506
319
29
70
17
20
2
898
387
10
95
69
48
5
10
12
570
19
6
155
4
103
2
33
14
5
125
2
71
300
337
9
149
64
2
2
197
65
138
12
39
287
63
25
4
118
25
129
13
4
12
28
2
93
6
55
6
11
29
6
338
14
11
12
19
132
35
41
2
10
3
30
517
54
55
22
121
31
92
46
38
387
326
21
27
194
12
58
88
4
31
74
138
30
24
6
2
20
120
108
11
21
8
27
14
18
3
2
15
20
7
6
5
21
39
2
71
15
11
111
39
2
37
338
41
8
11
98
18
21
197
98
77
51
100
294
20
2
80
35
5
6
4
15
614
166
65
22
2
10
73
12
59
6
10
30
4
6
14
47
2
3
21
61
114
90
2
146
21
17
17
4
17
16
113
7
27
4
98
12
2
13
11
94
6
42
4
6
4
4
59
22
316
30
25
2
83
119
11
5
77
21
17
4
11
5
2
46
7
103
4
4
180
376
3
6
43
124
13
49
10
84
22
113
48
14
28
29
29
3
10
40
500
178
24
10
13
4
134
4
6
209
4
10
2
53
5
306
40
88
103
2
26
6
32
8
259
83
18
164
28
6
5
2
9
6
9
10
8
9
5
26
51
31
15
6
4
115
329
254
4
4
7
6
4
55
50
25
11
26
2
11
238
720
3
18
6
309
24
9
3
200
4
36
2
14
4
10
266
5
14
43
138
2
22
192
16
48
104
16
26
10
640
5
449
84
8
28
21
127
64
7
72
4
17
2
70
24
2
60
67
108
51
80
448
282
169
94
18
2
2
256
86
95
141
4
4
10
20
32
6
244
2
118
2
16
546
4
269
62
3
8
98
126
2
130
281
33
140
351
18
2
41
122
2
97
20
20
14
59
17
51
16
90
80
4
15
15
16
238
12
2
3
2
275
169
32
60
34
64
2
2
238
6
26
367
257
9
103
10
657
27
95
27
32
14
3
64
35
129
10
331
19
14
2
13
161
11
17
10
530
89
2
12
2
7
18
40
5
48
245
2
36
16
107
36
2
76
6
222
6
42
2
375
271
68
263
211
64
8
121
156
23
246
46
23
29
6
12
67
150
350
6
143
95
116
4
29
30
5
80
2
31
8
16
15
2
2
236
17
4
8
38
149
461
57
169
15
28
2
53
66
74
69
41
19
16
10
2
26
14
10
245
7
6
5
101
393
100
41
59
243
4
26
15
2
17
20
2
51
211
9
61
2
5
46
18
14
24
8
97
28
21
4
4
2
18
4
4
3
8
33
17
160
169
72
29
591
35
21
34
40
8
48
5
30
18
46
95
35
34
276
35
121
10
6
2
2
5
38
10
265
122
12
6
2
8
221
20
26
37
3
23
74
267
11
26
192
84
13
355
183
25
111
7
43
83
636
47
106
17
696
126
151
657
422
4
23
8
16
21
39
15
15
31
2
25
218
63
12
74
2
7
696
18
2
88
3
236
4
77
69
2
42
2
8
30
226
122
12
16
267
91
23
4
105
35
2
16
8
245
6
11
364
14
244
5
9
3
169
65
2
149
18
16
40
130
79
31
58
125
243
21
90
8
6
562
4
5
2
284
4
16
97
26
54
43
58
7
40
14
2
144
16
18
4
14
19
56
2
161
2
83
201
21
83
8
189
344
22
5
116
90
41
132
6
4
64
6
26
24
41
43
46
42
11
21
138
4
21
2
51
2
16
262
46
21
4
50
19
28
21
154
46
88
74
365
43
6
112
5
91
7
33
8
11
31
56
117
286
139
83
17
33
112
15
22
14
3
16
180
120
18
12
4
81
36
85
15
242
454
4
19
40
4
26
6
55
14
944
15
2
81
16
6
35
9
31
69
22
6
3
6
40
19
124
394
87
110
185
39
16
296
3
2
74
339
28
39
6
6
27
8
4
12
9
69
16
13
120
45
57
13
26
12
12
5
2
4
2
30
51
98
8
45
2
17
70
230
82
6
39
31
4
2
2
168
71
7
111
8
738
36
32
138
43
256
10
6
71
8
5
61
14
24
40
370
14
109
29
38
3
24
55
3
10
23
20
18
267
8
135
15
113
4
14
4
6
37
167
246
195
31
102
12
16
20
2
38
19
10
9
2
284
21
2
12
30
12
39
4
4
16
22
73
13
96
58
2
64
78
47
27
198
321
12
12
7
2
3
8
2
25
7
98
739
59
2
7
17
6
390
42
160
2
30
98
53
18
12
36
18
13
8
4
44
336
27
12
109
25
14
2
45
42
2
26
133
6
48
25
5
2
68
28
440
6
3
29
2
24
2
257
13
126
6
9
31
57
18
26
2
14
363
51
334
2
48
22
2
5
26
5
10
2
514
199
4
96
6
17
3
167
2
8
2
109
13
6
47
63
2
2
96
2
21
13
14
8
4
13
130
140
4
24
51
10
104
222
69
217
6
10
2
159
130
2
9
30
123
31
59
329
3
4
27
25
51
358
162
16
29
173
198
6
4
13
156
152
44
5
10
169
42
53
260
5
329
11
42
2
183
2
27
9
32
5
457
22
104
759
47
51
15
40
3
22
170
5
8
78
2
88
12
2
6
305
12
10
25
72
89
9
34
2
32
6
2
3
20
423
83
4
158
52
137
28
2
131
20
17
8
4
22
25
5
21
5
93
34
788
76
15
10
15
125
43
12
3
4
132
28
44
78
6
2
47
4
41
20
2
774
18
30
50
18
34
11
151
162
268
56
43
109
4
7
138
28
6
8
35
95
17
396
6
2
4
172
56
57
80
12
5
16
6
116
24
115
7
18
34
46
237
31
69
23
93
102
20
3
6
84
36
5
934
11
139
11
12
24
9
3
3
52
2
46
123
49
85
12
30
332
172
44
12
4
18
2
88
24
21
16
84
47
14
522
202
47
21
45
480
8
24
12
54
2
30
2
392
61
28
28
2
448
8
45
37
389
4
11
6
12
13
17
20
5
17
20
83
9
575
9
99
52
9
14
14
196
154
2
101
4
4
33
53
16
18
51
18
8
269
17
109
18
4
66
22
126
37
20
201
34
3
2
15
44
48
42
131
4
22
4
194
4
14
286
33
81
8
183
105
394
6
47
94
12
6
72
11
8
14
32
7
4
140
93
89
93
16
2
2
22
368
13
64
63
16
32
16
8
484
4
30
92
120
6
7
43
12
26
14
4
10
24
141
21
934
60
276
6
137
26
19
84
6
26
178
70
23
2
45
104
65
18
36
178
4
6
77
22
115
28
6
251
5
2
182
19
19
34
7
16
9
30
37
151
8
222
222
6
115
16
6
49
30
27
343
35
498
13
12
16
28
18
88
8
16
60
6
75
26
41
184
2
15
12
232
532
4
39
8
62
41
25
32
37
3
60
249
109
6
64
52
36
39
10
642
4
12
9
122
141
133
774
226
22
42
152
6
36
3
121
328
30
66
9
143
6
2
9
110
22
6
12
45
96
3
353
230
4
6
3
87
2
107
35
7
19
16
84
73
131
2
160
4
14
2
77
2
620
7
4
81
156
126
7
115
161
8
68
2
5
3
6
10
206
13
55
4
37
15
41
121
107
6
15
38
42
18
207
155
60
20
6
244
39
187
2
250
16
4
21
10
17
28
10
10
16
2
100
2
5
22
8
16
2
228
104
25
21
9
37
28
18
6
124
48
9
4
2
18
9
89
77
49
19
6
210
30
10
2
21
6
8
77
4
4
2
2
127
29
528
147
10
7
77
194
98
107
3
98
14
115
84
8
53
5
24
22
148
8
13
11
25
57
26
74
62
14
46
94
317
736
4
32
6
50
738
47
39
15
5
3
57
2
15
22
65
14
8
8
6
17
546
7
16
222
22
6
198
385
70
8
30
18
22
3
255
53
389
334
15
30
72
9
2
15
13
6
18
25
305
2
4
964
13
36
78
4
93
27
40
26
422
8
3
28
15
222
27
54
6
64
229
110
11
20
39
8
20
52
2
22
2
24
519
7
110
4
8
32
9
2
36
2
2
289
2
18
6
5
19
11
22
4
12
21
4
3
124
409
13
195
165
125
12
12
11
12
198
4
10
4
20
6
12
3
3
22
32
49
47
139
6
6
159
96
225
28
94
34
360
217
58
192
563
41
48
117
60
6
41
165
44
128
5
4
38
10
26
46
54
4
13
2
4
8
275
7
22
131
25
162
4
10
50
50
8
50
41
7
4
98
147
4
23
17
57
85
8
40
14
37
36
20
120
23
22
10
11
165
25
2
4
142
47
9
50
4
7
245
3
8
48
8
4
57
44
78
27
22
34
59
308
12
47
6
61
11
309
64
80
37
8
5
137
42
242
195
44
46
14
64
10
4
26
36
2
20
4
50
38
121
2
18
49
2
24
4
26
24
14
7
123
365
60
7
138
18
79
25
2
90
399
5
18
56
2
630
38
354
261
311
2
32
13
10
6
295
121
402
2
251
137
14
28
85
10
22
76
28
41
279
93
80
328
62
7
3
16
20
25
51
19
109
280
12
66
32
37
98
98
130
344
6
50
73
20
13
14
4
21
5
95
40
36
36
42
3
2
5
7
55
85
2
276
21
2
6
17
28
81
28
9
167
43
11
257
141
139
254
208
83
61
187
36
48
49
28
9
2
2
241
15
20
201
63
2
80
4
61
102
18
30
96
14
13
723
4
690
107
47
17
535
478
22
28
329
4
15
19
29
20
26
4
6
80
54
2
16
134
40
50
122
4
208
188
3
19
47
22
45
28
27
2
88
323
8
5
6
42
696
7
51
92
261
6
90
16
98
376
95
100
32
226
62
29
30
48
530
21
64
4
376
8
235
42
26
68
34
736
12
7
434
10
11
18
2
8
24
106
123
285
6
6
9
66
122
5
222
29
28
29
11
32
15
11
10
358
210
92
211
676
8
32
169
21
50
16
6
9
22
6
3
6
22
122
82
46
362
4
481
591
9
98
8
3
119
78
117
126
79
88
247
3
42
138
3
438
15
78
2
20
22
88
5
2
102
39
15
2
216
2
29
68
123
5
241
12
2
197
271
181
198
2
98
8
160
52
12
4
34
8
22
21
4
5
5
150
179
13
8
29
12
4
44
88
2
321
256
6
40
232
9
17
90
4
273
76
4
2
114
336
560
34
12
72
17
18
64
84
18
205
10
50
20
52
30
499
133
45
13
85
8
26
18
4
14
25
169
343
34
25
23
124
21
12
24
8
9
12
59
44
161
2
45
59
24
15
23
22
3
427
19
808
77
494
19
9
330
152
40
415
20
18
91
92
260
14
197
9
89
450
22
7
471
100
21
26
2
5
38
2
44
14
14
62
14
67
36
4
8
28
86
51
20
8
19
274
6
38
101
2
60
80
270
77
356
4
4
16
119
523
85
109
6
16
57
2
21
24
16
3
100
174
2
260
10
22
4
4
2
22
101
2
8
4
227
15
24
20
11
132
8
3
31
4
13
23
9
51
26
90
2
20
87
143
260
4
202
64
7
28
3
71
12
169
6
70
87
224
101
3
2
60
61
453
81
104
36
97
8
52
18
10
14
3
10
127
28
6
18
6
230
890
7
2
24
2
13
8
274
408
4
56
11
42
57
12
40
9
10
57
14
105
2
332
40
140
2
46
24
4
125
189
9
58
9
16
6
105
29
26
16
3
173
241
37
22
2
53
3
18
64
3
147
73
21
8
100
10
42
6
120
24
8
3
2
248
30
12
8
401
351
118
5
44
174
12
112
50
48
27
112
18
14
66
163
14
6
49
6
7
153
2
92
2
8
44
205
17
17
4
256
12
93
2
5
18
16
10
48
39
46
8
343
13
40
34
48
14
634
505
146
250
6
160
11
24
8
9
229
88
108
3
6
24
6
33
57
201
208
60
80
108
4
19
46
13
2
6
6
4
54
260
4
25
10
12
4
26
81
57
5
15
75
39
8
10
7
4
18
26
14
5
27
70
546
11
43
87
13
2
9
8
179
11
4
11
51
201
15
65
121
23
886
387
4
2
13
167
6
4
16
3
30
4
22
78
2
21
12
6
8
10
91
13
2
3
27
20
2
380
33
6
73
3
37
26
10
25
14
14
6
6
5
6
11
15
37
56
2
2
2
16
14
5
2
738
54
328
2
2
5
4
6
215
18
3
29
98
13
32
81
2
32
268
10
45
71
5
21
50
3
6
426
12
2
14
6
13
33
4
24
12
6
14
42
12
30
2
2
8
32
448
55
312
10
31
6
166
270
342
8
137
84
19
497
7
82
2
107
15
56
2
30
8
11
262
40
14
6
3
34
112
238
9
6
16
2
77
132
23
181
18
6
2
70
3
2
123
30
16
85
20
30
38
57
6
41
106
37
4
269
7
25
2
2
59
13
8
77
3
2
24
73
2
21
8
2
249
8
151
5
26
13
167
5
6
5
7
14
335
421
9
21
15
6
6
745
6
33
3
24
190
2
52
5
37
2
135
18
139
19
35
38
57
16
8
12
2
10
35
27
2
6
24
4
57
115
26
11
100
2
66
76
2
19
20
28
8
19
47
9
4
254
515
5
217
152
2
8
288
41
26
150
18
81
28
73
403
32
28
42
16
19
81
854
6
12
23
16
64
2
16
306
25
4
82
198
108
2
9
18
22
95
161
32
5
62
3
83
405
4
78
50
405
12
3
58
573
33
26
14
58
2
4
5
11
15
4
9
154
2
30
6
55
4
20
5
2
13
16
30
444
24
12
23
26
19
2
78
3
98
81
6
24
61
76
8
6
21
80
5
104
4
2
22
8
260
33
7
26
22
7
19
334
76
380
46
4
298
121
15
10
5
6
279
20
21
111
16
6
284
16
12
181
20
14
2
136
2
96
6
105
8
8
40
4
4
155
266
15
90
2
29
57
4
949
4
111
14
298
109
38
4
6
29
6
433
38
32
13
4
43
23
20
2
45
13
6
4
43
24
6
6
356
5
121
88
37
50
9
196
40
111
24
14
19
267
72
9
129
8
15
3
30
169
48
10
21
8
20
24
211
10
77
319
42
6
79
6
12
213
81
2
61
50
53
53
55
8
16
8
10
67
3
14
23
5
2
2
48
34
162
250
49
6
43
18
330
22
55
7
4
13
7
3
4
3
55
51
332
15
26
195
39
7
8
35
30
346
2
2
280
2
6
251
429
6
10
2
506
53
104
2
68
16
15
35
10
2
54
2
14
18
2
12
34
108
25
50
24
8
280
36
31
6
41
19
8
60
26
88
6
3
6
2
214
123
5
314
26
219
20
185
34
27
320
11
3
88
203
55
6
81
4
31
97
361
4
8
4
11
15
2
67
32
10
9
68
57
34
101
14
8
2
17
29
10
2
4
10
85
152
14
9
34
19
15
244
156
11
455
60
39
5
2
50
2
36
9
187
8
22
2
28
88
56
9
22
2
82
4
83
102
2
14
194
2
33
160
6
72
66
2
183
2
23
329
230
57
2
33
209
245
11
28
137
67
162
13
47
13
2
10
80
215
6
2
249
6
3
2
130
38
16
4
4
3
120
22
16
89
108
16
738
10
2
6
30
54
45
22
33
7
38
8
2
64
17
4
3
5
145
22
11
50
2
8
138
52
10
157
15
151
938
67
399
293
2
56
35
12
2
3
5
91
2
2
4
2
6
206
21
15
48
14
155
22
19
102
21
5
161
3
13
6
18
327
2
2
84
2
80
14
6
332
102
9
17
4
27
3
6
18
50
25
8
2
13
12
4
11
325
456
16
8
263
29
15
2
48
64
133
60
22
177
12
43
81
88
362
2
15
38
11
24
65
19
36
21
6
12
20
35
98
14
35
66
4
32
48
2
6
6
7
20
8
12
26
6
43
17
13
45
2
22
57
64
35
234
6
230
14
65
16
88
52
8
6
2
169
6
29
8
129
16
16
96
16
17
362
51
22
6
122
9
14
3
118
6
24
52
154
2
16
390
2
73
298
46
30
10
3
34
3
8
11
27
661
11
6
22
29
146
10
5
2
595
35
883
16
112
13
36
9
29
45
158
55
12
22
27
3
30
35
18
6
29
20
85
295
370
22
18
12
3
42
5
38
23
192
40
4
121
14
109
2
43
2
14
143
158
8
14
30
2
154
40
407
2
10
41
371
130
28
9
18
122
16
30
18
55
10
4
4
22
9
5
136
4
3
2
5
64
167
188
2
160
6
23
2
24
17
45
85
44
16
4
10
41
20
35
16
654
28
230
29
18
91
55
51
18
60
62
4
10
29
6
21
38
4
5
48
7
4
2
35
5
87
4
36
56
297
24
14
28
10
104
20
5
258
11
5
6
8
6
36
29
14
4
66
42
211
16
12
2
12
2
54
121
379
3
2
9
594
119
4
87
390
15
55
3
202
240
4
3
36
5
87
22
45
5
109
36
30
55
13
86
187
12
46
73
177
67
16
209
43
17
32
133
8
416
82
70
34
34
24
66
8
12
4
184
58
86
34
2
48
6
561
6
75
172
153
2
8
2
2
4
50
6
31
5
14
14
2
14
390
104
7
10
40
366
5
2
2
4
6
353
9
122
51
20
4
2
780
65
370
4
21
14
6
124
8
3
18
25
2
4
6
230
52
161
8
2
12
28
18
22
213
330
34
8
84
35
334
25
32
14
32
17
4
12
3
12
73
79
10
134
53
361
68
47
10
242
5
102
32
8
4
10
12
295
77
154
9
440
16
21
6
235
2
35
42
22
6
73
30
36
25
2
4
55
65
107
2
8
26
6
491
9
10
10
11
24
198
16
14
22
768
6
23
5
67
124
115
87
78
4
38
92
26
4
20
16
41
168
221
147
10
15
10
6
2
38
11
51
21
12
6
9
9
78
2
73
9
19
23
10
4
12
44
33
49
19
11
2
111
19
46
2
33
79
36
60
84
19
426
7
9
113
311
2
33
10
78
2
14
42
4
158
6
4
6
37
41
10
11
2
76
107
4
7
6
325
11
2
3
51
250
121
29
206
10
2
4
15
8
648
221
329
240
6
59
12
809
93
370
2
6
20
71
3
68
62
171
5
8
4
8
24
47
30
5
44
2
4
5
20
223
4
349
308
97
40
74
222
26
11
57
80
4
18
32
5
4
39
7
3
10
2
10
2
8
19
548
330
6
100
2
96
68
168
27
9
3
234
70
117
361
80
44
8
6
12
16
35
45
4
35
6
157
52
100
207
62
5
19
77
21
49
72
65
131
107
421
7
10
117
6
16
14
6
2
4
6
60
4
168
181
49
3
98
2
738
39
52
10
154
26
4
6
4
2
11
6
352
13
36
4
12
3
379
44
80
46
22
121
34
242
4
11
66
75
93
123
114
33
50
13
14
157
4
4
35
20
55
15
42
154
27
47
18
23
38
18
2
18
4
133
39
16
474
3
83
5
39
84
35
735
58
9
11
43
22
47
224
69
46
14
12
76
82
43
79
121
75
69
210
68
28
7
219
24
23
53
119
25
10
7
4
2
6
25
44
117
94
30
6
25
303
153
4
6
26
4
16
283
4
2
98
6
2
36
6
36
23
122
60
75
16
34
47
6
32
5
44
18
88
4
149
30
25
21
4
542
3
10
105
34
8
8
34
171
11
8
8
61
6
190
5
59
7
18
235
201
19
478
446
34
20
29
59
2
223
61
9
82
68
11
75
18
19
65
10
2
82
32
20
9
9
72
84
461
112
28
54
4
21
5
4
85
5
46
14
95
28
9
41
14
152
143
8
3
54
123
35
12
14
13
8
18
26
75
44
220
24
4
836
89
6
2
57
8
121
9
51
10
64
13
198
26
19
21
626
270
13
7
220
32
60
17
2
34
2
15
5
66
214
57
6
135
6
25
8
10
38
29
28
18
22
861
34
20
33
46
109
288
87
8
51
2
56
19
115
24
39
3
42
214
4
35
6
22
10
874
21
164
50
52
78
4
12
10
75
96
17
4
61
213
15
2
68
20
56
27
9
54
47
17
38
222
91
3
35
192
2
20
40
10
107
20
44
7
11
660
187
15
22
23
26
253
4
268
324
12
9
12
14
23
154
9
337
129
11
324
6
143
13
4
6
8
53
94
30
501
26
164
10
5
20
491
664
20
502
35
198
4
2
14
19
149
622
142
53
28
228
57
348
8
465
26
240
16
3
65
97
4
25
102
64
11
168
3
291
12
86
149
16
10
15
2
85
31
62
3
41
2
17
5
21
64
94
25
5
420
5
4
185
51
109
39
11
6
58
384
9
89
8
17
22
2
14
6
20
60
45
6
23
27
8
2
14
311
4
2
78
2
4
33
4
4
8
12
18
581
185
40
2
278
84
35
18
14
53
16
114
219
36
2
6
2
6
352
9
28
20
161
259
54
8
60
82
10
46
16
20
62
6
35
32
2
421
82
46
2
6
14
232
9
12
13
5
18
251
26
203
90
3
420
24
795
230
32
10
160
8
220
174
68
3
3
419
10
20
99
34
136
8
16
59
8
13
10
66
11
77
6
200
381
9
268
79
10
187
35
14
373
32
177
62
8
109
9
90
4
13
77
4
71
20
19
88
70
3
4
71
13
109
21
21
12
9
78
28
354
7
12
8
2
30
40
8
22
96
18
6
137
16
5
16
31
9
22
2
302
12
4
387
59
53
192
77
406
7
34
236
351
8
56
4
98
22
76
98
14
32
30
8
21
23
577
77
126
20
11
38
6
2
31
416
2
99
16
112
2
6
10
6
10
2
102
208
2
123
55
376
9
218
2
24
3
42
9
8
786
76
9
3
4
16
25
426
108
32
3
2
172
46
13
80
4
10
218
6
18
374
52
6
122
43
2
5
19
64
6
4
24
2
738
28
10
2
30
6
9
153
575
24
158
42
15
4
21
11
4
2
34
16
2
242
38
2
2
18
877
30
8
7
54
126
11
8
171
63
4
6
6
80
30
2
57
17
4
143
34
4
80
72
17
67
2
123
12
56
2
24
80
308
20
12
309
143
4
50
53
206
24
34
79
106
126
27
476
46
13
4
16
373
67
8
149
876
13
41
98
13
2
66
34
11
152
24
3
180
87
22
97
18
40
3
53
3
14
138
303
72
2
233
2
38
9
90
8
6
2
58
6
6
6
297
38
4
81
2
6
92
6
29
28
95
2
19
14
251
3
85
612
57
109
214
4
35
5
4
10
2
56
2
2
4
87
23
40
2
12
90
19
197
53
62
8
20
11
30
4
4
36
7
34
52
6
6
109
6
21
12
4
32
28
43
8
147
167
10
115
22
4
16
36
49
8
15
68
145
22
7
3
49
4
62
3
18
50
18
10
2
3
159
4
2
45
8
3
8
8
15
200
31
57
3
29
3
95
18
136
88
20
372
83
21
2
8
11
50
373
60
448
8
80
104
276
32
4
9
18
28
154
30
4
82
13
8
9
102
20
5
67
28
8
98
54
2
24
3
46
131
101
8
49
29
26
36
5
278
73
92
62
58
24
14
101
18
12
15
69
4
4
23
49
36
586
4
2
15
7
755
248
23
2
6
109
316
114
266
144
4
35
8
14
452
13
2
225
80
30
3
6
10
367
25
253
4
33
3
17
5
27
8
20
4
24
8
315
29
7
81
137
154
238
3
288
22
55
167
5
6
18
4
4
222
513
2
2
19
3
87
3
19
2
104
16
22
109
15
149
529
50
20
81
14
191
45
24
2
11
86
60
21
14
13
221
510
6
481
2
250
194
231
35
3
10
8
59
20
44
196
65
6
126
172
158
317
3
53
4
40
153
74
31
4
209
76
533
9
37
31
117
126
4
6
3
35
164
17
10
98
113
39
17
47
32
16
25
16
22
147
8
2
4
223
747
11
6
8
3
86
950
8
64
16
953
7
32
7
80
172
10
130
83
31
76
27
6
286
2
2
28
54
4
91
2
6
34
385
13
31
2
4
9
8
20
62
477
438
28
50
10
2
664
48
33
101
31
2
5
19
10
10
42
63
62
165
14
8
6
20
6
3
4
6
37
22
62
9
22
448
20
14
3
5
12
6
4
84
9
20
11
20
327
73
346
100
56
2
10
2
8
29
26
28
116
12
22
11
12
21
531
72
3
64
58
118
36
2
91
22
4
10
14
6
2
65
80
63
54
57
55
5
172
216
93
6
2
55
20
5
45
6
66
4
18
4
126
105
15
192
303
104
417
78
6
15
5
2
6
6
2
4
4
5
2
24
33
10
44
46
22
2
181
36
21
23
6
52
73
50
235
75
2
40
3
41
7
115
227
215
8
24
194
8
96
6
4
14
10
468
18
15
6
16
48
196
90
19
23
67
137
149
160
42
167
520
97
14
6
4
9
3
2
2
14
80
14
90
71
4
187
2
4
87
5
18
22
184
158
93
117
113
41
110
20
70
58
2
141
26
16
8
2
3
107
26
368
96
34
8
116
165
20
9
154
10
27
2
18
139
57
16
6
10
3
5
26
14
4
7
12
241
6
28
28
2
499
2
27
45
95
35
24
137
7
14
14
6
8
31
6
2
172
2
59
4
24
4
17
50
33
12
390
39
89
186
2
18
217
8
2
2
11
32
38
41
4
52
4
28
6
198
41
21
403
98
238
18
24
2
6
22
6
77
29
45
738
23
42
135
165
83
47
12
61
4
576
211
13
143
201
11
11
3
46
24
92
29
14
20
5
46
73
2
50
9
791
16
9
10
363
40
123
2
178
18
19
8
7
4
267
28
11
6
17
4
12
3
10
91
6
30
111
67
75
6
44
723
82
4
6
69
21
12
56
123
5
15
20
2
2
265
24
4
25
14
72
59
12
11
4
2
50
32
2
95
8
12
117
4
96
30
30
2
98
121
99
25
222
13
256
25
2
86
4
35
24
7
174
278
101
28
13
5
10
10
14
226
5
776
2
10
301
410
10
17
12
60
143
30
308
47
479
14
22
312
97
34
2
139
4
235
86
40
24
65
8
24
2
5
2
9
60
294
11
6
4
26
3
8
33
2
28
12
54
80
8
439
2
547
56
31
42
6
6
220
2
26
738
4
42
4
8
3
2
74
11
387
2
191
22
46
26
4
5
3
82
5
3
11
2
2
6
8
19
42
24
22
47
633
2
304
47
9
62
2
20
89
4
6
36
151
776
8
2
4
278
4
26
160
160
2
41
14
30
16
513
6
161
134
2
7
6
2
73
16
28
7
138
168
11
8
6
21
5
20
43
62
91
21
12
5
8
2
5
10
2
141
44
159
14
85
47
6
230
12
2
35
2
8
100
58
15
157
3
46
67
67
95
24
49
333
6
9
460
70
5
25
8
8
43
138
2
20
85
6
207
51
92
73
45
2
65
88
68
48
45
69
6
5
14
2
6
212
62
50
198
34
187
13
17
65
16
6
22
738
12
19
194
177
48
3
2
23
6
10
127
134
236
19
15
18
61
14
6
5
12
4
202
212
32
29
103
39
12
116
4
28
49
9
29
66
9
19
75
4
6
89
14
2
2
24
138
32
12
6
19
21
21
26
38
14
12
63
167
20
171
529
3
24
10
6
35
2
78
5
655
25
16
44
8
64
80
48
4
31
32
642
134
497
14
6
36
2
207
19
769
19
2
26
32
308
13
98
200
75
30
41
3
9
30
6
389
14
6
2
62
14
12
27
90
6
5
10
8
92
16
84
77
7
68
5
26
13
146
24
26
6
12
144
65
6
2
